1.523396475740632638e-01,4.243509346394621629e-01,2.542673337605204642e-01,1.690420840259541091e-01
1.509403457671034121e-01,4.237272481901639964e-01,2.577254324161215027e-01,1.676069736266110888e-01
1.495457640824217616e-01,4.223726636435689019e-01,2.621817946492400186e-01,1.658997776247692624e-01
1.481344841018665259e-01,4.202604167972974203e-01,2.676951837910732657e-01,1.639099153097628159e-01
1.466851512278426473e-01,4.173564593027428993e-01,2.743319217408134447e-01,1.616264677286009255e-01
1.451767148481332426e-01,4.136208480664022025e-01,2.821633753358736563e-01,1.590390617495908987e-01
1.435888126275353671e-01,4.090099993198457740e-01,2.912620894846320030e-01,1.561390985679868559e-01
1.419023478111251790e-01,4.034799647317186544e-01,3.016963357302450133e-01,1.529213517269111533e-01
1.401002948954589433e-01,3.969908449465739952e-01,3.135229384972393341e-01,1.493859216607277274e-01
1.381687415546159481e-01,3.895123425744440038e-01,3.267784476477704203e-01,1.455404682231696556e-01
1.360981294500923644e-01,3.810302539917588271e-01,3.414690677072517166e-01,1.414025488508970363e-01
1.338845937872530922e-01,3.715534091821594553e-01,3.575602191506935257e-01,1.370017778798939823e-01
1.315312294622745792e-01,3.611202310541885563e-01,3.749671215134605662e-01,1.323814179700762983e-01
1.290490493036380304e-01,3.498037909327705863e-01,3.935481998187617680e-01,1.275989599448296152e-01
1.264573751441173677e-01,3.377141188734631427e-01,4.131032142350526959e-01,1.227252917473667937e-01
1.237834430713970618e-01,3.249967197710436628e-01,4.333776027498102423e-01,1.178422344077490747e-01
1.210611223923919455e-01,3.118268086445810106e-01,4.540735457202331737e-01,1.130385232427938702e-01
1.183288255381483439e-01,2.983996265337381382e-01,4.748668815165408286e-01,1.084046664115726338e-01
1.156268729098783171e-01,2.849180928242843192e-01,4.954276290018893580e-01,1.040274052639480057e-01
1.129947074418100605e-01,2.715796799829152119e-01,5.154409933538618427e-01,9.998461922141289870e-02
1.104683797443581500e-01,2.585645287109064605e-01,5.346256806366154191e-01,9.634141090811991492e-02
1.080786392305237570e-01,2.460264201520975247e-01,5.527471260135359277e-01,9.314781460384280454e-02
1.058498070055164664e-01,2.340874631770636927e-01,5.696245270758928392e-01,9.043820274152705729e-02
1.037994325412137930e-01,2.228365244814932700e-01,5.851318988334492932e-01,8.823214414384364379e-02
1.019386010777719592e-01,2.123307800520525257e-01,5.991943437339162237e-01,8.653627513625929135e-02
1.002726883420748671e-01,2.025994245209568612e-01,6.117811895132070354e-01,8.534669762376134727e-02
9.880235113582240547e-02,1.936485303968691896e-01,6.228976356043088858e-01,8.465148286299957470e-02
9.752457674082432026e-02,1.854662084972754643e-01,6.325762332624053075e-01,8.443298149949496345e-02
9.643366712982134881e-02,1.780274710793716408e-01,6.408690911430858783e-01,8.466977064772111816e-02
9.552208707469143911e-02,1.712984513425587219e-01,6.478412846167825867e-01,8.533817696596725233e-02
9.478114806102026779e-02,1.652398373127084152e-01,6.535656254197484971e-01,8.641338920652300026e-02
9.420152919287537452e-02,1.598095185801103879e-01,6.581187363425814452e-01,8.787021588443273690e-02
9.377365313584670736e-02,1.549645259556383381e-01,6.615782599938294650e-01,8.968356091468540625e-02
9.348794260554940672e-02,1.506623809305273065e-01,6.640209855047830567e-01,9.182869095914023005e-02
9.333498419891661513e-02,1.468619791922471940e-01,6.655216764921589867e-01,9.428136011667725969e-02
9.330562415801194054e-02,1.435241230703709070e-01,6.661524071103221978e-01,9.701784566129498244e-02
9.339101683976613888e-02,1.406118006739116300e-01,6.659822465197936525e-01,1.000149359665287174e-01
9.358264242145983292e-02,1.380902902799548138e-01,6.650771670610089448e-01,1.032499002375763808e-01
9.387230635294419034e-02,1.359271503543785509e-01,6.635000833724543634e-01,1.067004599202229231e-01
9.425212957543924186e-02,1.340921398601033765e-01,6.613109567376129760e-01,1.103447738268443501e-01
9.471453565852094858e-02,1.325571006650907435e-01,6.585669206805635501e-01,1.141614429958248689e-01
9.525223874673061086e-02,1.312958237965509700e-01,6.553224006040510030e-01,1.181295368526675271e-01
9.585823449000976937e-02,1.302839136552101651e-01,6.516292127383985777e-01,1.222286391163813907e-01
9.652579487625476129e-02,1.294986586867395151e-01,6.475366365810615310e-01,1.264389098559441649e-01
9.724846700829797852e-02,1.289189130012619589e-01,6.430914610520668262e-01,1.307411589383731809e-01
9.802007529706643907e-02,1.285249906791917085e-01,6.383380083853518183e-01,1.351169256383901451e-01
9.883472621252029078e-02,1.282985727037795065e-01,6.333181418447582089e-01,1.395485592389419383e-01
9.968681458778863580e-02,1.282226253750488598e-01,6.280712641375143512e-01,1.440192958996482087e-01
1.005710304617352668e-01,1.282813284923497998e-01,6.226343132647442769e-01,1.485133277811707120e-01
1.014823655297951988e-01,1.284600113905118024e-01,6.170417618016926786e-01,1.530158612780003757e-01
1.024161184182549311e-01,1.287450949576671999e-01,6.113256244865405975e-01,1.575131621375372437e-01
1.033678981750429104e-01,1.291240379590889720e-01,6.055154777114402087e-01,1.619925861544279644e-01
1.043336255581787664e-01,1.295852862708188336e-01,5.996384932025733416e-01,1.664425949684289474e-01
1.053095318848430162e-01,1.301182239383839867e-01,5.937194869546535969e-01,1.708527572221193724e-01
1.062921553676266784e-01,1.307131252833952928e-01,5.877809834209475337e-01,1.752137359280304396e-01
1.072783350028169158e-01,1.313611075608539513e-01,5.818432940920696961e-01,1.795172633442594368e-01
1.082652021849155599e-01,1.320540839087491758e-01,5.759246089404956859e-01,1.837561049658396339e-01
1.092501703015263392e-01,1.327847165229513737e-01,5.700410987581281397e-01,1.879240144173940918e-01
1.102309226147574206e-01,1.335463701338054920e-01,5.642070261535740983e-01,1.920156810978628781e-01
1.112053987626940854e-01,1.343330659594810239e-01,5.584348628771176326e-01,1.960266724007072581e-01
1.121717802210193404e-01,1.351394363704506441e-01,5.527354111745148568e-01,1.999533722340151309e-01
1.131284750549965967e-01,1.359606805262977836e-01,5.471179270038024622e-01,2.037929174149030465e-01
1.140741022698807533e-01,1.367925212472440588e-01,5.415902431529630023e-01,2.075431333299121994e-01
1.150074760373217403e-01,1.376311633652586019e-01,5.361588905438215980e-01,2.112024700535980459e-01
1.159275900398549358e-01,1.384732537691736876e-01,5.308292162769046030e-01,2.147699399140667320e-01
1.168336021379380862e-01,1.393158433202277280e-01,5.256054972452186558e-01,2.182450572966154745e-01
1.177248195263528724e-01,1.401563507728446067e-01,5.204910484088012268e-01,2.216277812920012802e-01
1.186006845108209529e-01,1.409925287935595017e-01,5.154883250668156336e-01,2.249184616288039118e-01
1.194607610024830402e-01,1.418224321310686542e-01,5.105990186840201339e-01,2.281177881824282827e-01
1.203047217981310091e-01,1.426443879539487092e-01,5.058241460203934947e-01,2.312267442275267593e-01
1.211323366881679048e-01,1.434569683406620166e-01,5.011641314754665677e-01,2.342465634957034415e-01
1.219434614122352489e-01,1.442589648794234958e-01,4.966188826930952871e-01,2.371786910152460237e-01
1.227380274641907826e-01,1.450493653134208860e-01,4.921878595798307443e-01,2.400247476425575455e-01
1.235160327334184904e-01,1.458273321496038055e-01,4.878701369729176451e-01,2.427864981440600034e-01
1.242775329579424853e-01,1.465921831363783956e-01,4.836644612553450684e-01,2.454658226503340090e-01
1.250226339561592848e-01,1.473433735066154715e-01,4.795693012580414805e-01,2.480646912791838188e-01
1.257514845977799611e-01,1.480804798768684538e-01,4.755828938163222386e-01,2.505851417090293465e-01
1.264642704704541376e-01,1.488031856910809470e-01,4.717032843617022797e-01,2.530292594767625802e-01
1.271612081960949991e-01,1.495112680968359031e-01,4.679283629338215622e-01,2.553991607732475355e-01
1.278425403499391932e-01,1.502045861438719432e-01,4.642558959926080253e-01,2.576969775135808383e-01
1.285085309354128125e-01,1.508830701977623701e-01,4.606835544000176252e-01,2.599248444668071922e-01
1.291594613688367699e-01,1.515467124659178322e-01,4.572089379252701202e-01,2.620848882399753332e-01
1.297956269295598153e-01,1.521955585381524201e-01,4.538295966089347933e-01,2.641792179233529159e-01
1.304173336331517497e-01,1.528296998496419812e-01,4.505430493005548875e-01,2.662099172166513261e-01
1.310248954876131189e-01,1.534492669800028575e-01,4.473467996627732424e-01,2.681790378696108368e-01
1.316186320951078792e-01,1.540544237082379642e-01,4.442383499127047219e-01,2.700885942839493792e-01
1.321988665643391847e-01,1.546453617493223909e-01,4.412152125492657673e-01,2.719405591370726016e-01
1.327659237013429083e-01,1.552222961040724825e-01,4.382749202936891963e-01,2.737368599008954684e-01
1.333201284490734273e-01,1.557854609596550088e-01,4.354150344498121661e-01,2.754793761414593423e-01
1.338618045486900665e-01,1.563351060835089235e-01,4.326331518711759583e-01,2.771699374966251073e-01
1.343912733978817609e-01,1.568714936585968167e-01,4.299269107035624260e-01,2.788103222399589964e-01
1.349088530838267463e-01,1.573948955127271454e-01,4.272939950545602272e-01,2.804022563488859365e-01
1.354148575705720614e-01,1.579055906991612412e-01,4.247321387258591319e-01,2.819474130044076210e-01
1.359095960225809030e-01,1.584038633899011450e-01,4.222391281295198584e-01,2.834474124579980936e-01
1.363933722480550337e-01,1.588900010468486945e-01,4.198128044961690897e-01,2.849038222089271821e-01
1.368664842473564236e-01,1.593642928395772596e-01,4.174510654709829294e-01,2.863181574420833875e-01
1.373292238533618537e-01,1.598270282816233456e-01,4.151518661824628031e-01,2.876918816825521086e-01
1.377818764520581107e-01,1.602784960601661424e-01,4.129132198590679814e-01,2.890264076287076822e-01
1.382247207729140892e-01,1.607189830365832184e-01,4.107331980599697174e-01,2.903230981305329750e-01
1.386580287397744804e-01,1.611487733977827463e-01,4.086099305782099345e-01,2.915832672842327833e-01
